name: visualizadores
channels:
  - conda-forge
  - defaults
dependencies:
  - blas=1.0=mkl
  - bzip2=1.0.8=he774522_0
  - ca-certificates=2023.12.12=haa95532_0
  - certifi=2023.11.17=pyhd8ed1ab_0
  - click=8.1.7=py310haa95532_0
  - colorama=0.4.6=py310haa95532_0
  - cudatoolkit=11.2.2=h7d7167e_12
  - cudnn=8.1.0.77=h3e0f4f4_0
  - eigen=3.4.0=h91493d7_0
  - expat=2.5.0=hd77b12b_0
  - ffmpeg=4.2.3=ha925a31_0
  - flask=2.2.5=py310haa95532_0
  - freetype=2.10.4=h546665d_1
  - glib=2.69.1=h5dc1a3c_2
  - gst-plugins-base=1.18.5=h9e645db_0
  - gstreamer=1.18.5=hd78058f_0
  - hdf5=1.12.1=h51c971a_3
  - icc_rt=2022.1.0=h6049295_2
  - icu=58.2=ha925a31_3
  - intel-openmp=2023.1.0=h59b6b97_46320
  - itsdangerous=2.0.1=pyhd3eb1b0_0
  - jbig=2.1=h8d14728_2003
  - jinja2=3.1.2=py310haa95532_0
  - jpeg=9e=h2bbff1b_1
  - krb5=1.20.1=h6609f42_0
  - lerc=2.2.1=h0e60522_0
  - libclang13=14.0.6=default_h8e68704_1
  - libdeflate=1.7=h8ffe710_5
  - libffi=3.4.4=hd77b12b_0
  - libiconv=1.17=hcfcfb64_2
  - libogg=1.3.4=h8ffe710_1
  - libpng=1.6.39=h8cc25b3_0
  - libpq=12.15=hb652d5d_1
  - libprotobuf=3.20.3=h23ce68f_0
  - libtiff=4.3.0=h0c97f57_1
  - libvorbis=1.3.7=h0e60522_0
  - libwebp=1.3.2=hcfcfb64_1
  - libwebp-base=1.3.2=hcfcfb64_0
  - libxml2=2.10.4=h0ad7f3c_1
  - libxslt=1.1.37=h0192164_0
  - lz4-c=1.9.4=hcfcfb64_0
  - markupsafe=2.1.1=py310h2bbff1b_0
  - mkl=2023.1.0=h6b88ed4_46358
  - mkl-service=2.4.0=py310h2bbff1b_1
  - mkl_fft=1.3.8=py310h2bbff1b_0
  - mkl_random=1.2.4=py310h59b6b97_0
  - numpy=1.26.2=py310h055cbcc_0
  - numpy-base=1.26.2=py310h65a83cf_0
  - opencv=4.6.0=py310ha36de5b_5
  - openssl=1.1.1w=hcfcfb64_0
  - pcre=8.45=h0e60522_0
  - pip=23.3.1
  - python=3.10.13=h966fe2a_0
  - qt-main=5.15.2=h6072711_9
  - qt-webengine=5.15.9=h5bd16bc_7
  - qtwebkit=5.212=h2bbfb41_5
  - setuptools=68.2.2=py310haa95532_0
  - sqlite=3.41.2=h2bbff1b_0
  - tbb=2021.8.0=h59b6b97_0
  - tk=8.6.12=h2bbff1b_0
  - ucrt=10.0.22621.0=h57928b3_0
  - vc=14.3=hcf57466_18
  - vc14_runtime=14.38.33130=h82b7239_18
  - vs2015_runtime=14.38.33130=hcb4865c_18
  - werkzeug=2.2.3=py310haa95532_0
  - wheel=0.41.2=py310haa95532_0
  - xz=5.4.5=h8cc25b3_0
  - zlib=1.2.13=h8cc25b3_0
  - zstd=1.5.5=hd43e919_0
  - pip:
      - absl-py==2.0.0
      - astunparse==1.6.3
      - cachetools==5.3.2
      - charset-normalizer==3.3.2
      - cloudpickle==3.0.0
      - contourpy==1.2.0
      - cycler==0.12.1
      - flask-wtf==1.2.1
      - flatbuffers==23.5.26
      - fonttools==4.47.0
      - gast==0.4.0
      - google-auth==2.25.2
      - google-auth-oauthlib==0.4.6
      - google-pasta==0.2.0
      - grpcio==1.60.0
      - h5py==3.10.0
      - idna==3.6
      - imageio==2.33.1
      - joblib==1.3.2
      - keras==2.10.0
      - keras-preprocessing==1.1.2
      - kiwisolver==1.4.5
      - lazy-loader==0.3
      - libclang==16.0.6
      - llvmlite==0.41.1
      - markdown==3.5.1
      - matplotlib==3.8.2
      - networkx==3.2.1
      - numba==0.58.1
      - oauthlib==3.2.2
      - opt-einsum==3.3.0
      - packaging==23.2
      - pandas==2.1.4
      - pillow==10.1.0
      - pip==23.3.2
      - protobuf==3.19.6
      - pyasn1==0.5.1
      - pyasn1-modules==0.3.0
      - pyparsing==3.1.1
      - python-dateutil==2.8.2
      - pytz==2023.3.post1
      - requests==2.31.0
      - requests-oauthlib==1.3.1
      - rsa==4.9
      - scikit-image==0.22.0
      - scikit-learn==1.3.2
      - scipy==1.11.4
      - shap==0.44.0
      - six==1.16.0
      - slicer==0.0.7
      - tensorboard==2.10.1
      - tensorboard-data-server==0.6.1
      - tensorboard-plugin-wit==1.8.1
      - tensorflow==2.10.0
      - tensorflow-estimator==2.10.0
      - tensorflow-io-gcs-filesystem==0.31.0
      - termcolor==2.4.0
      - threadpoolctl==3.2.0
      - tifffile==2023.12.9
      - tqdm==4.66.1
      - typing-extensions==4.9.0
      - tzdata==2023.4
      - urllib3==2.1.0
      - wrapt==1.16.0
      - wtforms==3.1.1
